15.025 0.004
16.236 0.011
17.970 0.053
17.677 0.049
19.086 0.160
19.215 0.170
17.822 0.055
17.517 0.037
17.616 0.042
18.980 0.135
17.340 0.029
18.479 0.082
15.475 0.006
14.529 0.002
15.412 0.005
18.190 0.066
18.929 0.123
18.297 0.061
17.917 0.053
18.786 0.125
18.014 0.053
15.404 0.006
16.889 0.022
17.480 0.032
18.746 0.127
18.638 0.103
16.693 0.015
19.142 0.167
16.818 0.017
16.029 0.009
18.791 0.105
17.398 0.030
16.893 0.019
19.223 0.162
18.962 0.121
17.228 0.028
18.056 0.061
19.349 0.169
17.416 0.026
18.434 0.080
16.746 0.021
18.439 0.079
18.750 0.101
18.255 0.056
16.742 0.013
17.222 0.034
15.182 0.009
18.783 0.094
18.693 0.083
19.092 0.120
18.668 0.072
18.589 0.081
17.740 0.045
17.188 0.020
17.651 0.037
18.211 0.046
18.526 0.082
18.751 0.079
19.032 0.106
17.821 0.045
17.745 0.035
16.646 0.013
17.955 0.040
17.639 0.030
18.789 0.086
18.858 0.089
17.215 0.030
19.525 0.188
18.568 0.074
18.600 0.068
18.706 0.090
17.171 0.023
18.506 0.101
18.959 0.134
17.208 0.030
17.175 0.019
15.762 0.006
17.974 0.040
18.305 0.061
18.316 0.056
16.828 0.020
18.705 0.140
19.049 0.096
16.767 0.019
18.548 0.076
17.252 0.028
13.628 0.001
18.847 0.108
18.347 0.058
18.949 0.125
19.286 0.141
18.478 0.062
16.129 0.007
18.658 0.069
18.009 0.042
17.677 0.051
18.240 0.048
18.298 0.054
19.250 0.122
18.342 0.056
17.436 0.024
19.051 0.087
18.107 0.038
18.238 0.049
17.616 0.029
18.343 0.047
19.032 0.094
16.495 0.011
19.153 0.116
18.451 0.062
18.620 0.065
16.863 0.011
17.778 0.030
18.741 0.057
18.735 0.070
19.401 0.144
18.486 0.070
18.590 0.114
16.355 0.012
18.814 0.070
15.559 0.007
18.343 0.042
16.866 0.012
17.011 0.013
18.211 0.061
18.450 0.057
18.236 0.049
18.745 0.124
17.830 0.048
17.935 0.035
18.325 0.041
17.664 0.045
14.615 0.002
17.382 0.017
17.692 0.025
18.721 0.067
12.822 0.001
18.348 0.038
18.248 0.046
17.260 0.028
17.754 0.025
16.738 0.018
18.465 0.071
17.100 0.014
18.481 0.046
18.011 0.029
18.959 0.125
18.392 0.059
16.868 0.020
18.098 0.040
18.870 0.062
17.131 0.026
17.294 0.015
18.211 0.034
18.038 0.039
16.858 0.012
18.127 0.049
17.611 0.018
18.452 0.054
16.594 0.008
19.191 0.178
17.623 0.027
18.166 0.043
17.477 0.025
19.126 0.072
17.115 0.012
16.427 0.009
18.354 0.040
18.899 0.061
17.435 0.023
17.945 0.062
17.941 0.024
18.780 0.057
18.660 0.048
18.864 0.060
16.714 0.008
18.669 0.066
12.385 0.000
16.907 0.018
17.534 0.025
17.915 0.023
15.374 0.004
18.394 0.060
15.892 0.006
18.561 0.042
18.104 0.032
17.568 0.017
18.582 0.057
18.010 0.025
18.660 0.047
16.719 0.012
18.438 0.038
18.959 0.060
16.823 0.010
18.813 0.069
18.402 0.041
15.301 0.004
16.736 0.012
14.685 0.001
15.351 0.003
18.393 0.054
18.881 0.052
18.798 0.107
18.420 0.038
18.537 0.041
18.743 0.091
17.501 0.016
19.034 0.069
19.164 0.177
19.001 0.132
17.843 0.028
17.928 0.031
19.409 0.124
18.869 0.065
17.630 0.021
17.938 0.028
17.288 0.014
16.518 0.010
16.565 0.015
18.637 0.052
18.738 0.064
18.969 0.146
17.051 0.012
18.039 0.026
16.709 0.014
19.082 0.099
18.866 0.055
18.091 0.027
17.528 0.035
15.439 0.003
13.074 0.000
17.709 0.030
18.120 0.061
15.289 0.005
18.200 0.031
18.034 0.035
17.709 0.025
18.699 0.052
19.275 0.083
17.538 0.017
18.758 0.099
18.713 0.049
17.514 0.016
18.056 0.026
18.717 0.047
17.535 0.022
18.986 0.066
17.671 0.024
19.028 0.122
16.826 0.022
18.411 0.038
18.749 0.068
18.101 0.049
18.287 0.032
18.877 0.085
16.696 0.018
17.315 0.031
18.289 0.044
18.318 0.049
18.493 0.071
18.567 0.045
14.884 0.002
18.997 0.141
18.756 0.062
17.711 0.020
18.989 0.109
18.431 0.061
15.004 0.003
18.003 0.044
18.119 0.028
17.119 0.017
17.046 0.015
16.400 0.008
18.775 0.089
18.361 0.035
17.804 0.021
18.422 0.055
16.639 0.014
18.845 0.061
17.442 0.037
18.718 0.065
17.506 0.016
18.730 0.118
19.140 0.132
18.818 0.063
19.100 0.102
18.497 0.078
17.819 0.025
18.849 0.061
18.034 0.035
17.961 0.033
18.365 0.096
18.397 0.051
17.800 0.051
19.318 0.128
17.605 0.022
19.121 0.074
18.878 0.084
18.584 0.066
16.613 0.008
19.003 0.062
16.639 0.007
16.525 0.009
18.000 0.040
18.671 0.088
18.725 0.095
17.806 0.031
18.727 0.075
16.584 0.011
18.300 0.057
19.381 0.146
17.911 0.025
18.597 0.077
18.147 0.033
18.898 0.086
19.177 0.094
17.380 0.016
16.862 0.009
18.591 0.048
16.858 0.011
18.015 0.044
18.398 0.061
16.760 0.015
19.281 0.087
18.487 0.041
18.455 0.062
17.721 0.030
13.220 0.001
18.254 0.042
18.165 0.050
18.244 0.030
18.920 0.078
16.541 0.007
19.495 0.168
19.071 0.143
19.126 0.078
14.645 0.002
16.516 0.009
17.145 0.016
18.660 0.046
18.594 0.073
16.134 0.009
18.478 0.105
17.554 0.022
16.467 0.016
18.457 0.053
18.764 0.073
18.805 0.109
17.263 0.015
18.520 0.055
19.318 0.146
17.677 0.018
18.744 0.105
18.962 0.068
19.068 0.081
18.199 0.039
17.279 0.021
17.549 0.031
17.466 0.017
18.371 0.042
15.782 0.007
18.108 0.042
16.862 0.015
18.642 0.049
16.909 0.020
17.443 0.030
17.253 0.017
19.258 0.095
17.625 0.019
16.141 0.006
19.008 0.081
16.823 0.011
18.204 0.033
16.969 0.021
18.967 0.075
18.432 0.049
19.455 0.179
18.762 0.054
18.723 0.077
16.163 0.010
19.174 0.103
18.847 0.095
17.636 0.021
19.158 0.139
18.779 0.067
18.697 0.093
13.968 0.001
15.601 0.004
18.901 0.090
19.058 0.103
17.779 0.024
17.196 0.022
19.252 0.159
16.450 0.014
19.410 0.115
18.645 0.052
16.728 0.010
18.494 0.101
18.762 0.064
18.242 0.045
18.859 0.074
16.712 0.010
18.475 0.047
15.319 0.003
18.469 0.058
18.032 0.036
17.921 0.033
14.751 0.002
17.755 0.025
18.631 0.066
17.808 0.028
19.337 0.196
18.824 0.065
18.386 0.047
18.548 0.054
19.286 0.119
18.896 0.088
18.378 0.052
19.260 0.138
18.443 0.049
17.840 0.028
18.058 0.035
18.563 0.057
19.207 0.123
17.587 0.025
18.985 0.083
17.696 0.037
19.134 0.086
19.037 0.100
18.446 0.046
19.259 0.100
18.434 0.049
19.656 0.173
19.007 0.081
16.447 0.009
16.859 0.012
17.991 0.032
18.328 0.042
18.039 0.036
18.331 0.049
19.114 0.191
19.028 0.111
18.009 0.036
18.584 0.064
18.352 0.047
18.371 0.080
18.559 0.068
16.287 0.008
18.930 0.094
18.838 0.074
17.781 0.032
18.464 0.068
17.703 0.039
18.321 0.066
18.158 0.048
19.117 0.122
18.124 0.043
19.179 0.152
17.115 0.021
18.558 0.101
17.871 0.048
18.457 0.062
18.416 0.065
17.629 0.039
17.884 0.055
18.837 0.089
15.928 0.006
18.735 0.080
17.139 0.019
17.327 0.024
16.069 0.008
18.353 0.056
18.206 0.054
18.891 0.106
18.031 0.080
18.259 0.052
15.169 0.003
18.910 0.106
17.957 0.056
18.972 0.110
17.796 0.039
16.524 0.013
19.305 0.160
19.181 0.145
18.557 0.088
18.227 0.060
17.785 0.046
18.570 0.077
19.249 0.152
18.761 0.122
17.902 0.047
18.493 0.095
18.837 0.108
19.073 0.121
14.646 0.003
13.550 0.001
18.641 0.087
19.165 0.150
17.178 0.028
17.856 0.043
18.863 0.102
17.769 0.043
19.260 0.150
17.062 0.021
16.605 0.013
18.579 0.093
13.510 0.001
17.803 0.048
19.342 0.177
17.818 0.041
18.030 0.051
18.519 0.081
18.651 0.107
16.357 0.013
17.386 0.032
13.081 0.001
18.582 0.117
16.216 0.012
18.929 0.156
18.566 0.130
