1384.487 706.380 15.105999999999998 0.030149626863362672
1394.061 921.854 15.921 0.0304138126514911
724.860 986.570 14.02 0.03001666203960727
412.063 1136.186 15.181999999999999 0.030149626863362672
1256.533 1254.923 18.2 0.043863424398922615
325.259 1710.853 18.561 0.055758407437802596
1214.740 1913.393 15.942999999999998 0.0304138126514911
164.208 2090.797 19.05 0.07892401408950256
1519.869 2131.413 18.303 0.046097722286464436
755.494 2207.461 18.906 0.06797793759742936
1609.915 2403.143 15.613 0.03026549190084311
888.608 2443.525 19.875999999999998 0.1559134375222354
2008.147 2638.538 14.608999999999998 0.030066592756745815
782.873 2801.123 16.506 0.031048349392520047
1781.279 2834.660 16.999 0.032310988842807024
261.980 2855.986 11.841999999999999 0.03
1841.312 2952.747 18.346999999999998 0.05
687.466 3180.978 12.187999999999999 0.03001666203960727
752.111 3381.985 13.814 0.03001666203960727
1741.726 4037.847 19.611 0.1275774274705365
1333.792 4043.156 11.889999999999999 0.03
1791.647 4044.367 16.448999999999998 0.031048349392520047
650.189 4085.125 18.226 0.048414873747640814
